0	11342
0	824020
0	867923
0	891835
101006	147162
101006	262316
101006	325667
101006	799322
101006	859399
101821	108
101821	303790
101821	540930
101821	574730
101821	596374
101	676971
102352	133304
102352	345509
102352	411227
102352	452525
102352	580836
102352	671110
102352	854120
102669	105956
102669	109485
102669	17093
102669	29338
102669	302064
102669	43515
102669	80527
102669	85
102669	906432
102	493731
102	590960
102	735590
102	769753
103	142218
104279	143673
104279	257316
104279	298314
104279	317571
104279	379868
104279	487593
104279	514176
104279	677378
104279	756408
104279	806291
104279	832457
104279	845262
104279	876328
104279	909316
104370	31
104370	882132
105248	23
105248	738198
105248	749027
105248	776695
105248	97652
105322	216203
105322	360442
105322	400675
105322	42021
105322	579432
105322	75364
105956	109485
105956	17093
105956	29338
105956	302064
105956	43515
105956	444796
105956	80527
105956	85
105956	906432
105	452802
106655	261111
106655	463076
106655	551291
106655	557117
106655	638384
106655	769098
106655	878156
106655	878490
106655	91
106	177313
106	230899
106	270657
106	368492
106	426196
106	447743
106	46965
106	489415
106	492644
106	587644
106	625517
106	721961
106	763903
106	884459
106	909643
106	911932
107	158812
107	321772
107	350590
107	357339
107	479581
107	861157
107	897146
107	913640
108	303790
108	540930
108	574730
108	596374
109485	17093
109485	29338
109485	302064
109485	43515
109485	444796
109485	80527
109485	85
109485	906432
10	134964
10	181848
10	194746
10	310676
10	332640
10	393685
10	49988
10	556796
10	826668
10	85506
110	162345
110	246187
110	360463
110	500522
110	532398
110	6345
110	725879
11342	867923
11342	891835
114401	324763
114401	369227
114401	532398
114401	6345
114401	690788
114401	79168
116209	40033
116209	546581
116209	590190
116209	647961
116209	691178
116209	724847
116209	793999
116209	859607
116209	861125
116209	96828
117070	21
117070	602912
117070	667688
117070	689371
117070	711442
117070	744789
117070	776322
117070	805694
117070	815787
11	75364
123804	178983
123804	193068
123804	193988
123804	232911
123804	274428
123804	399263
123804	42
123804	486172
123804	691463
123804	741005
123804	842118
123804	912178
124509	161448
124509	177766
124509	30
124509	377928
124509	572945
124509	727325
124509	766528
124509	856818
131029	238588
131029	325684
131029	704416
132001	13825
132001	153967
132001	186630
132001	274064
132001	281234
132001	441852
132001	55030
132001	779319
132001	798597
132001	914842
132198	150432
132198	242339
132198	297892
132198	331855
132198	482167
132198	505991
132198	676971
132198	901704
132769	216188
132769	225950
132769	320030
132769	472531
132769	542323
132769	548392
132769	564740
132769	59004
132769	593541
132769	684191
132769	703547
132769	709644
132769	761601
132769	841920
132769	866638
133304	345509
133304	411227
133304	452525
133304	580836
133304	671110
133304	854120
134964	310676
13505	465399
13505	658333
13505	738994
13505	87899
135295	265105
135295	27
13825	153967
13825	186630
13825	274064
13825	281234
13825	441852
13825	55030
13825	779319
13825	798597
13825	914842
142218	336700
142218	623548
142218	821098
143673	257316
143673	298314
143673	317571
143673	379868
143673	487593
143673	514176
143673	677378
143673	756408
143673	806291
143673	832457
143673	845262
143673	876328
143673	909316
147162	262316
147162	799322
147162	859399
148036	179042
148036	199839
148036	207535
148036	27924
148036	505631
148036	807567
148036	896419
148036	96
150432	242339
150432	297892
150432	331855
150432	482167
150432	505991
150432	676971
150432	901704
151230	28
151230	537900
151230	616640
151230	621034
152376	157076
152376	236583
152376	336174
152376	40573
152376	481608
152376	487229
152376	496029
152376	532139
152376	561434
152376	620065
152376	642997
152376	682094
152376	695805
152376	797941
152376	821423
152376	857520
152376	87778
152376	90
153967	186630
153967	274064
153967	281234
153967	441852
153967	55030
153967	779319
153967	798597
153967	914842
155507	231194
155507	321242
155507	612116
155507	851219
157076	236583
157076	336174
157076	40573
157076	481608
157076	487229
157076	496029
157076	532139
157076	561434
157076	620065
157076	642997
157076	682094
157076	695805
157076	797941
157076	821423
157076	857520
157076	87778
157076	90
158812	350590
158812	357339
158812	479581
158812	861157
158812	897146
158812	913640
160306	216203
160306	360442
160306	400675
160306	42021
160306	579432
160306	75364
161360	736915
161448	177766
161448	30
161448	377928
161448	572945
161448	727325
161448	766528
161448	856818
162316	71
162345	246187
162345	360463
162345	500522
162345	532398
162345	6345
162345	725879
162633	211547
162633	286373
162633	312725
162633	424266
162633	455784
162633	486006
162633	496670
162633	687219
162633	877558
164036	285814
167262	265105
167262	27
167423	287762
167423	71
167455	215367
167455	274848
167455	490263
167455	515698
168352	25870
168352	409753
168352	494100
17093	29338
17093	302064
17093	43515
17093	444796
17093	80527
17093	85
17093	906432
173976	653863
177313	230899
177313	368492
177313	447743
177313	46965
177313	489415
177313	492644
177313	587644
177313	625517
177313	884459
177313	909643
177766	30
177766	377928
177766	572945
177766	727325
177766	766528
177766	856818
178983	193068
178983	193988
178983	232911
178983	274428
178983	399263
178983	42
178983	486172
178983	691463
178983	741005
178983	842118
178983	912178
179042	199839
179042	27924
17	501061
17	520215
17	546581
17	725759
17	876722
180386	383198
180386	727588
180386	74
180386	80625
180386	859848
181848	194746
181848	310676
181848	393685
181848	556796
181848	85506
186630	274064
186630	281234
186630	441852
186630	55030
186630	779319
186630	798597
186630	914842
186908	71
189575	93
191810	805946
192418	356683
193068	193988
193068	232911
193068	274428
193068	399263
193068	42
193068	486172
193068	691463
193068	741005
193068	842118
193068	912178
193988	232911
193988	274428
193988	399263
193988	42
193988	486172
193988	691463
193988	741005
193988	842118
193988	912178
19476	262769
19476	281033
19476	345509
19476	379675
19476	637590
19476	740951
19476	749138
19476	849752
19476	89
19576	358176
19576	43343
19576	487767
19576	514170
19576	57818
19576	877041
197012	71
199839	27924
199839	896419
1	203402
1	276233
1	552600
1	569212
1	748615
1	862566
201303	78
202339	40033
202339	546581
202339	859607
202339	96828
203402	276233
203402	552600
203402	569212
203402	635575
203402	748615
203402	862566
203402	893884
206333	479240
206333	87
211547	286373
211547	312725
211547	424266
211547	455784
211547	486006
211547	687219
211547	877558
213686	240514
213686	285814
213686	95
215367	274848
215367	490263
215367	515698
216188	225950
216188	320030
216188	472531
216188	542323
216188	548392
216188	564740
216188	59004
216188	593541
216188	684191
216188	703547
216188	709644
216188	761601
216188	841920
216188	866638
216203	360442
216203	400675
216203	42021
216203	579432
219773	581741
21	602912
21	667688
21	689371
21	711442
21	744789
21	776322
21	805694
21	815787
224718	265669
224718	302564
224718	357073
224718	382911
224718	593321
224718	622842
224718	683587
224718	702328
224718	759848
224718	801074
224718	85
224718	909528
224718	914056
225347	58
225347	629379
225347	629941
225347	725909
225347	729910
225950	320030
225950	472531
225950	542323
225950	548392
225950	564740
225950	59004
225950	593541
225950	684191
225950	703547
225950	709644
225950	761601
225950	841920
225950	866638
228499	522020
228499	524207
228499	71
229250	341092
229250	385358
229250	51137
229250	514446
229250	535081
229250	54
229250	702975
229250	778003
229250	801615
22	465399
22	738994
230467	26122
230467	284455
230467	551066
230467	572646
230467	593636
230467	698123
230467	783198
230899	368492
230899	447743
230899	46965
230899	489415
230899	492644
230899	587644
230899	625517
230899	763903
230899	884459
230899	909643
230899	911932
231194	321242
231194	37
231194	612116
231194	851219
232911	274428
232911	399263
232911	42
232911	486172
232911	691463
232911	741005
232911	842118
232911	912178
236155	639662
236583	336174
236583	40573
236583	481608
236583	487229
236583	496029
236583	532139
236583	561434
236583	620065
236583	642997
236583	682094
236583	695805
236583	797941
236583	821423
236583	857520
236583	87778
236583	90
238588	325684
238588	704416
23	738198
23	749027
23	776695
23	97652
240514	285814
240514	95
241611	285042
241611	297289
241611	455271
241611	488181
241611	546829
241611	547329
242339	297892
242339	331855
242339	482167
242339	505991
242339	676971
242339	901704
246187	360463
246187	500522
246187	532398
246187	6345
246187	725879
252752	78
257316	298314
257316	317571
257316	379868
257316	487593
257316	514176
257316	677378
257316	756408
257316	806291
257316	832457
257316	845262
257316	876328
257316	909316
25870	409753
25870	48
25870	494100
261111	463076
261111	551291
261111	557117
261111	638384
261111	769098
261111	878156
261111	878490
261111	91
26122	551066
26122	593636
26122	698123
26122	783198
262316	799322
262316	859399
262769	281033
262769	345509
262769	379675
262769	637590
262769	740951
262769	749138
262769	849752
262769	89
265105	27
265105	286493
265105	380942
265105	466467
265105	47401
265105	479492
265105	675403
265105	701137
265105	840474
265105	885553
265105	96333
265669	302564
265669	357073
265669	382911
265669	593321
265669	622842
265669	683587
265669	702328
265669	759848
265669	801074
265669	85
265669	909528
265669	914056
270657	492644
270657	909643
274064	281234
274064	441852
274064	55030
274064	779319
274064	798597
274064	914842
274149	425769
274428	399263
274428	42
274428	486172
274428	691463
274428	741005
274428	842118
274428	912178
274848	32
274848	479713
274848	490263
274848	515698
274848	51633
274848	891240
276233	552600
276233	569212
276233	635575
276233	748615
276233	862566
276233	893884
279176	630850
279176	650279
279176	82
27924	896419
27924	96
27	286493
27	380942
27	466467
27	47401
27	479492
27	675403
27	701137
27	840474
27	885553
27	96333
281033	345509
281033	379675
281033	637590
281033	740951
281033	749138
281033	849752
281033	89
281234	441852
281234	55030
281234	779319
281234	798597
281234	914842
284455	551066
284455	562097
284455	572646
284455	593636
284455	698123
284455	729602
284455	783198
285042	297289
285042	455271
285042	488181
285042	546829
285042	547329
285814	373025
285814	95
286245	287318
286245	509001
286245	653315
286245	759364
286245	85372
286245	874174
286245	885496
286245	913298
286373	312725
286373	424266
286373	455784
286373	486006
286373	496670
286373	687219
286373	877558
287318	509001
287318	653315
287318	759364
287318	85372
287318	874174
287318	885496
287762	71
28	537900
28	616640
28	621034
291879	502809
291879	714381
291879	839849
29338	302064
29338	43515
29338	444796
29338	80527
29338	85
29338	906432
297073	342492
297073	405329
297073	477577
297073	498271
297073	517327
297073	610601
297073	62856
297073	717491
297073	728753
297073	758307
297073	81997
297073	909041
297289	455271
297289	488181
297289	546829
297289	547329
297892	331855
297892	482167
297892	505991
297892	676971
297892	901704
298314	317571
298314	379868
298314	487593
298314	514176
298314	677378
298314	756408
298314	806291
298314	832457
298314	845262
298314	876328
298314	909316
29	502809
2	30957
2	357310
2	423174
2	430119
2	462435
2	472889
2	565424
2	581609
2	644135
2	858904
300279	39733
300279	579655
300279	581741
302064	43515
302064	444796
302064	80527
302064	85
302064	906432
302564	357073
302564	382911
302564	593321
302564	622842
302564	683587
302564	702328
302564	759848
302564	801074
302564	85
302564	909528
302564	914056
303790	540930
303790	574730
303790	596374
303979	522020
303979	71
30957	357310
30957	423174
30957	430119
30957	462435
30957	472889
30957	565424
30957	581609
30957	644135
30957	858904
30	377928
30	572945
30	650162
30	727325
30	766528
30	851608
30	856818
310676	393685
310676	556796
312725	424266
312725	455784
312725	486006
312725	496670
312725	687219
312725	877558
317571	379868
317571	487593
317571	514176
317571	677378
317571	756408
317571	806291
317571	832457
317571	845262
317571	876328
317571	909316
31	514756
320030	472531
320030	542323
320030	548392
320030	564740
320030	59004
320030	593541
320030	684191
320030	703547
320030	709644
320030	761601
320030	841920
320030	866638
321242	612116
321242	851219
321772	350590
321772	861157
324763	369227
324763	532398
324763	6345
324763	690788
324763	79168
325393	496487
325393	635838
325393	873588
325684	704416
32	479713
32	51633
32	891240
331855	482167
331855	505991
331855	676971
331855	901704
332640	393685
336174	40573
336174	481608
336174	487229
336174	496029
336174	532139
336174	561434
336174	620065
336174	642997
336174	682094
336174	695805
336174	797941
336174	821423
336174	857520
336174	87778
336174	90
336700	623548
336700	821098
337695	360877
337695	703332
341092	385358
341092	51137
341092	514446
341092	535081
341092	54
341092	702975
341092	778003
341092	801615
342492	405329
342492	477577
342492	498271
342492	517327
342492	610601
342492	62856
342492	717491
342492	728753
342492	758307
342492	81997
342492	909041
345509	379675
345509	411227
345509	452525
345509	580836
345509	637590
345509	671110
345509	740951
345509	749138
345509	849752
345509	854120
345509	89
349604	800011
349604	82213
34	405329
350590	357339
350590	479581
350590	861157
350590	897146
350590	913640
356332	657764
356332	668223
356332	71
357073	382911
357073	593321
357073	622842
357073	683587
357073	702328
357073	759848
357073	801074
357073	85
357073	909528
357073	914056
357310	423174
357310	430119
357310	462435
357310	472889
357310	565424
357310	581609
357310	644135
357310	858904
357339	479581
357339	861157
357339	897146
357339	913640
358176	43343
358176	487767
358176	514170
358176	877041
360442	400675
360442	42021
360442	579432
360463	500522
360463	532398
360463	6345
360463	725879
360877	703332
362947	736699
368492	447743
368492	46965
368492	489415
368492	492644
368492	587644
368492	625517
368492	884459
368492	909643
369096	78
369227	532398
369227	6345
369227	690788
369227	79168
374743	522020
374743	71
375621	385596
375621	409753
375621	630872
377928	572945
377928	727325
377928	766528
377928	856818
379675	637590
379675	740951
379675	749138
379675	849752
379675	89
379868	487593
379868	514176
379868	677378
379868	756408
379868	806291
379868	832457
379868	845262
379868	876328
379868	909316
382911	593321
382911	622842
382911	683587
382911	702328
382911	759848
382911	801074
382911	85
382911	909528
382911	914056
383195	71
383198	727588
383198	74
383198	80625
383198	859848
385358	51137
385358	514446
385358	535081
385358	54
385358	702975
385358	778003
385358	801615
385596	409753
385596	630872
393685	556796
39733	579655
39733	581741
399263	42
399263	486172
399263	691463
399263	741005
399263	842118
399263	912178
40033	546581
40033	590190
40033	647961
40033	691178
40033	724847
40033	793999
40033	859607
40033	96828
400675	42021
400675	579432
400675	75364
405329	477577
405329	498271
405329	517327
405329	610601
405329	62856
405329	717491
405329	728753
405329	758307
405329	81997
405329	909041
40573	481608
40573	487229
40573	496029
40573	532139
40573	561434
40573	620065
40573	642997
40573	682094
40573	695805
40573	797941
40573	821423
40573	857520
40573	87778
40573	90
407610	418155
407610	882782
407610	891714
409753	494100
409753	630872
409753	707188
40	444534
411227	452525
411227	580836
411227	671110
411227	854120
418155	882782
418155	891714
41	82213
42021	579432
42021	75364
423174	430119
423174	462435
423174	472889
423174	565424
423174	581609
423174	644135
423174	858904
424266	455784
424266	486006
424266	496670
424266	687219
424266	877558
426196	721961
42	486172
42	691463
42	741005
42	842118
42	912178
430119	462435
430119	472889
430119	565424
430119	581609
430119	644135
430119	858904
431311	781983
43343	487767
43343	514170
43343	75039
43343	877041
43515	444796
43515	80527
43515	85
43515	906432
441852	55030
441852	779319
441852	798597
441852	914842
444796	80527
444796	85
444796	906432
444873	783215
44695	62391
44695	746182
44695	79146
44695	795253
447743	46965
447743	489415
447743	492644
447743	587644
447743	625517
447743	657800
447743	884459
447743	909643
452525	580836
452525	671110
452525	854120
452802	550365
455271	488181
455271	546829
455271	547329
455784	486006
455784	496670
455784	687219
455784	877558
459074	568104
462435	472889
462435	565424
462435	581609
462435	644135
462435	858904
463076	551291
463076	557117
463076	638384
463076	769098
463076	878156
463076	878490
463076	91
465399	658333
465399	738994
465399	87899
46965	489415
46965	492644
46965	587644
46965	625517
46965	884459
46965	909643
472531	542323
472531	548392
472531	564740
472531	59004
472531	593541
472531	684191
472531	703547
472531	709644
472531	761601
472531	841920
472531	866638
472889	565424
472889	581609
472889	644135
472889	858904
47312	611265
47312	643033
47312	758553
47401	479492
47401	675403
47401	701137
47401	840474
47401	96333
476171	95
477577	498271
477577	517327
477577	610601
477577	62856
477577	717491
477577	728753
477577	758307
477577	81997
477577	909041
479240	845230
479492	675403
479492	701137
479492	840474
479492	96333
479581	861157
479581	897146
479581	913640
479713	51633
479713	891240
481608	487229
481608	496029
481608	532139
481608	561434
481608	620065
481608	642997
481608	682094
481608	695805
481608	797941
481608	821423
481608	857520
481608	87778
481608	90
482167	505991
482167	676971
482167	901704
486006	687219
486006	877558
486172	691463
486172	741005
486172	842118
486172	912178
487229	496029
487229	532139
487229	561434
487229	620065
487229	642997
487229	682094
487229	695805
487229	797941
487229	821423
487229	857520
487229	87778
487229	90
487593	514176
487593	677378
487593	756408
487593	806291
487593	832457
487593	845262
487593	876328
487593	909316
487767	514170
487767	694921
487767	7
487767	877041
488181	546829
488181	547329
489415	492644
489415	587644
489415	625517
489415	657800
489415	884459
489415	909643
490263	515698
492644	587644
492644	625517
492644	884459
492644	909643
492644	911932
493731	590960
493731	735590
493731	769753
496029	532139
496029	561434
496029	620065
496029	642997
496029	682094
496029	695805
496029	797941
496029	821423
496029	857520
496029	87778
496029	90
496487	635838
496487	873588
496670	687219
496670	877558
498271	517327
498271	610601
498271	62856
498271	717491
498271	728753
498271	758307
498271	81997
498271	909041
4	44695
4	62391
4	746182
4	79146
4	795253
500522	532398
500522	6345
500522	725879
501061	520215
501061	546581
501061	725759
501061	876722
502809	714381
502809	839849
505991	676971
505991	901704
509001	653315
509001	759364
509001	85372
509001	874174
509001	885496
51137	514446
51137	535081
51137	54
51137	702975
51137	778003
51137	801615
512496	721961
512496	909643
514170	877041
514176	677378
514176	756408
514176	806291
514176	832457
514176	845262
514176	876328
514176	909316
514446	535081
514446	54
514446	702975
514446	778003
514446	801615
514756	882132
51633	891240
517327	610601
517327	62856
517327	717491
517327	728753
517327	758307
517327	81997
517327	909041
520215	546581
520215	725759
520215	876722
522020	524207
522020	71
524179	767842
524207	71
528720	781983
530002	639662
532139	561434
532139	620065
532139	642997
532139	682094
532139	695805
532139	797941
532139	821423
532139	857520
532139	87778
532139	90
532398	6345
532398	690788
532398	725879
532398	79168
535081	54
535081	702975
535081	778003
535081	801615
537900	616640
537900	621034
540930	574730
540930	596374
540981	76
542323	548392
542323	564740
542323	59004
542323	593541
542323	684191
542323	703547
542323	709644
542323	761601
542323	841920
542323	866638
546581	590190
546581	647961
546581	691178
546581	724847
546581	725759
546581	793999
546581	859607
546581	861125
546581	876722
546581	96828
546829	547329
548392	564740
548392	59004
548392	593541
548392	684191
548392	703547
548392	709644
548392	761601
548392	841920
548392	866638
54	702975
54	778003
54	801615
55030	779319
55030	798597
55030	914842
550365	915376
551066	562097
551066	572646
551066	593636
551066	698123
551066	783198
551291	557117
551291	638384
551291	769098
551291	878156
551291	878490
551291	91
552600	569212
552600	635575
552600	748615
552600	862566
552600	893884
557117	638384
557117	769098
557117	878156
557117	878490
557117	91
561434	620065
561434	642997
561434	682094
561434	695805
561434	797941
561434	821423
561434	857520
561434	87778
561434	90
562097	698123
562097	73
564740	59004
564740	593541
564740	684191
564740	703547
564740	709644
564740	761601
564740	841920
564740	866638
565424	581609
565424	644135
565424	858904
569212	635575
569212	748615
569212	862566
569212	893884
56	619109
56	895872
572646	593636
572646	698123
572646	729602
572646	73
572646	783198
572945	727325
572945	766528
572945	856818
574730	596374
579432	75364
579655	581741
580836	671110
580836	854120
581609	644135
581609	858904
581741	608321
587644	625517
587644	657800
587644	763903
587644	884459
587644	909643
587644	911932
58	629379
58	629941
58	725909
58	729910
59004	593541
59004	684191
59004	703547
59004	709644
59004	761601
59004	841920
59004	866638
590190	647961
590190	691178
590190	724847
590190	793999
590190	859607
590190	861125
590190	96828
590960	735590
590960	769753
593321	622842
593321	683587
593321	702328
593321	759848
593321	801074
593321	85
593321	909528
593321	914056
593541	684191
593541	703547
593541	709644
593541	761601
593541	841920
593636	698123
593636	783198
59	858556
5	608321
602912	667688
602912	689371
602912	711442
602912	744789
602912	776322
602912	805694
602912	815787
610601	62856
610601	717491
610601	728753
610601	758307
610601	81997
610601	909041
611265	643033
611265	758553
612116	851219
616640	621034
619109	895872
619588	71
620065	642997
620065	682094
620065	695805
620065	797941
620065	821423
620065	857520
620065	87778
620065	90
622842	683587
622842	702328
622842	759848
622842	801074
622842	85
622842	909528
622842	914056
623548	821098
62391	746182
62391	79146
62391	795253
625517	884459
625517	909643
62856	717491
62856	728753
62856	758307
62856	81997
62856	909041
629379	629941
629379	725909
629379	729910
629941	725909
629941	729910
630850	650279
630850	82
6345	690788
6345	725879
6345	79168
635575	748615
635575	862566
635575	893884
635838	873588
636781	77
637590	740951
637590	749138
637590	849752
637590	89
638384	769098
638384	878156
638384	878490
638384	91
639662	858556
642997	682094
642997	695805
642997	797941
642997	821423
642997	857520
642997	87778
642997	90
643033	758553
644135	858904
647961	691178
647961	724847
647961	793999
647961	859607
647961	861125
647961	96828
650279	82
653315	759364
653315	85372
653315	874174
653315	885496
657764	71
657800	909643
658333	738994
658333	87899
664679	707034
664679	828466
664679	838295
664679	841927
664679	88
664679	899064
664679	95977
666573	898951
667688	689371
667688	711442
667688	744789
667688	776322
667688	805694
667688	815787
668223	71
670449	79146
671110	854120
67397	680996
675403	701137
675403	840474
675403	96333
676971	901704
677378	756408
677378	806291
677378	832457
677378	845262
677378	876328
677378	909316
682094	695805
682094	797941
682094	821423
682094	857520
682094	87778
682094	90
683587	702328
683587	759848
683587	801074
683587	85
683587	909528
683587	914056
684191	703547
684191	709644
684191	761601
684191	841920
684191	866638
687219	877558
689371	711442
689371	744789
689371	776322
689371	805694
689371	815787
690788	79168
691178	724847
691178	793999
691178	859607
691178	861125
691178	96828
691463	741005
691463	842118
691463	912178
694921	7
695805	797941
695805	821423
695805	857520
695805	87778
695805	90
698123	729602
698123	774715
698123	783198
698123	844619
701137	840474
701137	96333
702328	759848
702328	801074
702328	85
702328	909528
702328	914056
702975	778003
702975	801615
703547	709644
703547	761601
703547	841920
703547	866638
705695	71
707034	828466
707034	838295
707034	841927
707034	88
707034	899064
707034	95977
709644	761601
709644	841920
709644	866638
711442	744789
711442	776322
711442	805694
711442	815787
714381	839849
717491	728753
717491	758307
717491	81997
717491	909041
71	856127
721961	763903
721961	909643
724847	793999
724847	859607
724847	861125
724847	96828
725759	876722
725909	729910
727325	766528
727325	856818
727588	74
727588	80625
727588	859848
728753	758307
728753	81997
728753	909041
729602	73
729602	783198
734679	88
734679	899064
735590	769753
738198	747246
738198	749027
738198	776695
738198	97652
738994	87899
740951	749138
740951	849752
740951	89
741005	842118
741005	912178
744789	776322
744789	805694
744789	815787
746182	79146
746182	795253
747246	749027
747246	776695
748615	862566
748615	893884
749027	776695
749027	97652
749138	849752
749138	89
74	80625
74	859848
75039	877041
751408	99
75364	852008
756408	806291
756408	832457
756408	845262
756408	876328
756408	909316
758307	81997
758307	909041
759364	85372
759364	874174
759364	885496
759848	801074
759848	85
759848	909528
759848	914056
761601	841920
761601	866638
763903	909643
766528	856818
769098	878156
769098	878490
769098	91
776322	805694
776322	815787
776695	97652
778003	801615
779319	798597
779319	914842
781983	886971
78	901572
79146	795253
793999	859607
793999	861125
793999	96828
797941	821423
797941	857520
797941	87778
797941	90
798597	914842
799322	859399
800011	82213
801074	85
801074	909528
801074	914056
80527	85
80527	906432
805694	815787
80625	859848
806291	832457
806291	845262
806291	876328
806291	909316
809163	85
81997	909041
821423	857520
821423	87778
821423	90
822200	828963
823884	873588
828466	838295
828466	841927
828466	88
828466	899064
828466	95977
832457	845262
832457	876328
832457	909316
837891	873588
838295	841927
838295	88
838295	899064
838295	95977
840474	96333
841920	866638
841927	88
841927	899064
841927	95977
842118	912178
845262	876328
845262	909316
849752	89
84	859399
85372	874174
85372	885496
85372	913298
857520	87778
857520	90
859607	96828
85	906432
85	909528
85	914056
861157	897146
861157	913640
862566	893884
867923	891835
874174	885496
876328	909316
87778	90
878156	878490
878156	91
878490	91
882782	891714
884459	909643
88	899064
88	95977
896419	96
897146	913640
899064	95977
909528	914056
909643	911932
911557	911764
912352	93
